1000 -DPI
0000   1c 00 60 59 b3 3b 03 83 ff ff 00 00 00 00 1b 00   ..`Y.;..........
0010   00 01 00 03 00 00 02 28 00 00 00 00 21 09 08 03   .......(....!...
0020   02 00 20 00 08 11 01 01 00 00 00 00 00 00 00 00   .. .............
0030   00 00 00 00 00 00 00 00 00 00 00 00 00 00 00 00   ................
0040   00 00 00 00                                       ....





1600 -DPI


0000   1c 00 60 e9 0b 46 03 83 ff ff 00 00 00 00 1b 00   ..`..F..........
0010   00 01 00 03 00 00 02 28 00 00 00 00 21 09 08 03   .......(....!...
0020   02 00 20 00 08 11 01 02 00 00 00 00 00 00 00 00   .. .............
0030   00 00 00 00 00 00 00 00 00 00 00 00 00 00 00 00   ................
0040   00 00 00 00                                       ....



2400 - DPI

actual

0000   1c 00 60 69 84 45 03 83 ff ff 00 00 00 00 1b 00   ..`i.E..........
0010   00 01 00 03 00 00 02 28 00 00 00 00 21 09 08 03   .......(....!...
0020   02 00 20 00 08 11 01 03 00 00 00 00 00 00 00 00   .. .............
0030   00 00 00 00 00 00 00 00 00 00 00 00 00 00 00 00   ................
0040   00 00 00 00                                       ....

predicted

0000   1c 00 60 e9 0b 46 03 83 ff ff 00 00 00 00 1b 00   ..`..F..........
0010   00 01 00 03 00 00 02 28 00 00 00 00 21 09 08 03   .......(....!...
0020   02 00 20 00 08 11 01 03 00 00 00 00 00 00 00 00   .. .............
0030   00 00 00 00 00 00 00 00 00 00 00 00 00 00 00 00   ................
0040   00 00 00 00  

4000 - DPI

actual  
0000   1c 00 20 f9 39 46 03 83 ff ff 00 00 00 00 1b 00   .. .9F..........
0010   00 01 00 03 00 00 02 28 00 00 00 00 21 09 08 03   .......(....!...
0020   02 00 20 00 08 11 01 04 00 00 00 00 00 00 00 00   .. .............
0030   00 00 00 00 00 00 00 00 00 00 00 00 00 00 00 00   ................
0040   00 00 00 00                                       ....


predicted

0000   1c 00 60 e9 0b 46 03 83 ff ff 00 00 00 00 1b 00   ..`..F..........
0010   00 01 00 03 00 00 02 28 00 00 00 00 21 09 08 03   .......(....!...
0020   02 00 20 00 08 11 01 04 00 00 00 00 00 00 00 00   .. .............
0030   00 00 00 00 00 00 00 00 00 00 00 00 00 00 00 00   ................
0040   00 00 00 00  







what is IRP ID ?? -> need to undersdtand<<
